52454093099
44507166926
47707413724
52635107782
51800328078
52431191553
49231033770
51697791814
52450797099
51847606779
52652393805
52104966090
52270554022
52654920922
52438650220
50986503492
26095538787
50860106771
52243133810
51956903284
52814802239
50835549694
22990210000
6753395524
50738543870
52277441529
51435622972
52586671338
51677273053
31327242337
52137797180
48819638209
52635091493
52258349959
52443416335
52630914776
52295874350
45442446971
45944892204
51954633428
52657705031
52244951355
52294842426
50614312107
51338971680
52433618595
52324344622
49539485976
52472536435
32669100454
52437014323
52032110841
50741983600
52593535227
51819654131
51681075347
43870367201
51267984029
52604765558
52602833733
52468433148
52090081726
52170737697
50853269521
44649840306
52608845992
52429847682
52011270509
51602181021
51079565663
44595454843
52599670242
7042247807
52369877348
52137010431
52301721500
47927472376
52241135373
52437246176
38936184785
27729197109
50993652740
52424006946
52403511846
52083989792
52634250069
48530352875
44010034379
48651429618
5817894315
51874951426
42663029715
52425318166
49807498986
52590582207
52453984749
52415271446
52643224580
52245445839
52252669212
52286785617
49998403059
52409151943
52428245599
50880545448
52801680546
52040028800
52160786332
41902954726
52239662386
52435123699
52430821571
52810112043
52282130155
52420517878
52225943504
52227775084
52598954777
52808120118
6810344497
50305897151
52283810026
51821895804
52619328630
52426427998
52390789813
52596373610
52206149178
51805155337
52627529236
52427492915
52620642496
38041372711
52252452891
52800577774
52572167900
47688480383
50077762858
52570559961
49372273274
52232726677
52448138237
52201692209
51782339184
52229027086
52183370330
52173978349
52221447900
52273346727
52412095552
52280314476
52585778849
52243941828
51457708816
50795919507
52628705871
48356326318
52570343542
52417077973
52422406286
52429771694
52382516950
52235750467
52240277766
52268777527
52271563299
52058887454
52426405866
52063047563
52618763295
52237014257
52447249345
51962038041
52158299625
48167864376
51949697265
52405791758
52429549547
52063948095
47647910598
52575575519
52419101864
52265291998
52571223887
52448874112
51890155793
52416943391
52634897702
52644824496
52425862050
52592635572
52588309897
52260980535
51816238129
49496984607
52221687900
52228493386
48616664037
52415670994
52407207975
51733067143
36516671530
51906495736
52645288395
52264394681
52567871915
52641737081
52560388491
5411188745
1115518044
50511946327
52582926518
50768197613
52405403798
49692309986
21717270645
52426586318
51780316144
49638625464
16624649528
49524376306
52224086234
52402527744
51724146044
50139813562
52182207507
51918719478
51449209453
45467675471
52039349342
52119278666
52389975573
52403525570
51514713650
7325986054
52575974457
51616996075
52625345223
52092389927
52584429793
51717713613
52386543736
52573534712
52243021148
51866876639
51910549711
52054383516
45215527866
51246201726
52409846427
50857517528
50949420825
47851383289
51666805831
52400983741
52333120493
52614306209
51780700234
52021007403
48980773315
3570278532
51053899297
52426884793
52625353517
52615178452
52561143825
52583373866
51048722205
51896729418
50916227343
52322521960
52216630989
52257978507
52229118173
51703349326
50838427680
50138904125
50546311694
46232756573
52268041965
52242517071
52369943246
45332413140
52597849185
52275369656
52264569753
52434490207
52188361873
52364764918
51961495629
49310302117
52040977380
48043283340
52631457031
49515179178
52422693141
52060566713
50672795318
51802366537
52396719981
52274785557
52047255927
47614004215
51669966314
52596963495
41052896634
50834299487
52590844351
52216462376
52223614235
45375611645
51764092443
52046641543
52270905500
52560670839
52206158816
51465836985
50257617651
47591159863
45211974782
52233213289
51229121530
51103078787
52222950169
50333310226
52593380139
52612082126
52170530434
51925319705
51019269863
52223766175
51486915777
50270559971
52391463944
52395431563
52404460547
52049133697
52010061195
49491259411
47394759907
50169742854
38679485607
52022847691
21647180125
51644527035
46929453682
51009991832
52342951141
52379958845
52232797135
52063221135
52602890508
50187905204
50997891649
51226846035
50579128144
52054457960
51533273621
48189154473
52348456135
51696651535
48426831600
52394951037
51779465822
48442720182
52568198180
52247411618
52151745890
52591242772
52222821935
51400097699
50721868434
52565164913
51772937619
36345782878
47443019261
51172398220
41006037913
52408602684
52251098721
52061195545
51797229177
48931105144
52048741282
52422074253
52063292794
52563438276
52233180311
52063402550
52566630119
47945707752
52397949437
52236884060
50191007627
52408205214
51530518537
52406029284
52217622237
52114217041
45320424876
52571733461
51872962800
52208094739
51615724950
52250538348
52408141179
52600161784
52381997186
52417426798
52591219455
52403141242
49630896626
52126527100
52263025988
52414467690
45647109896
52196343953
52414762507
52265297361
52241652029
52212974387
52588203821
52250290749
52251714395
52194686588
51812143931
52057597371
52235332549
52050613242
52615729177
52000832500
52426937100
52321304190
50727145713
52238340192
52405898016
52204782956
50300686279
52047534634
52254770318
52392839069
52225301472
51342755686
52420202434
52565132864
52190686490
51814255675
49838621918
51154518666
52610953315
52428344693
52119428710
51552942585
52385375797
52137563428
51278194649
52589699802
52606801852
52586004345
52184373763
52229834288
52392071296
52057858136
51209389435
52219916672
49520555381
50345156547
51948148916
52383807994
52401256258
45688949536
52043079339
52192074169
52194367757
52391830843
52395070946
51761172611
25553983393
52591379596
52418514205
50542991092
49794606102
50067806632
52594163017
51914355994
52197278890
52381840030
52575541314
52230308900
52430064264
52401067047
52207742613
52061389138
51173159594
52243635699
52565382146
52587044235
52251920594
52029183465
52048973913
52372935634
52607825316
51747652380
52396846290
52016077573
52420936319
52199871141
52590243774
52033535265
48529106718
52610953552
49084279571
52218509730
51957623374
52269944940
49821448520
52202791242
52227669295
49297915006
22443792252
214054780
44311483995
51440805292
52376351799
50773872639
52377879307
49322864129
52575339753
51822234025
50506478841
52579130810
51988380873
52189059148
49944907666
51940469874
51263352150
48658834145
52183935693
48898824526
51628526622
52252897045
52183967374
51296347995
50070109366
49492790713
49098714986
51047818015
31291543411
51786662143
51524166018
48839012530
47658594032
50116603551
52165408484
50367384683
50995902919
52009417694
8427502828
52218947613
51365065308
51876351560
51710664171
48826336554
52387989217
49086353931
52364559896
52186431048
52220187764
52030774194
51199072933
47008842883
52602928006
50836797760
41079524589
51917710565
51700926591
51184829659
52060345673
52234968344
52322006523
52573347335
51677364604
9160130078
52583210394
51764834769
50940670602
52565706310
50492866693
45043184844
50066596600
52601840415
52241993709
52586002065
50807279934
52247993310
52394906580
52579018750
51719140987
52560490672
52388458484
52242297730
52127255515
52055834134
51208746127
49388396498
33527444348
51846743389
52047548132
51152461935
52033492814
52105554380
51986662887
45739351952
51271846008
51297541502
51145346896
50737931875
49339536464
48547624035
52016991587
49007242050
52392924196
52061217424
52251432426
52568274252
52224059217
25533786429
38330654822
46874084179
52404872599
25092509329
46199239575
51177801030
52084750715
52562643000
52013078531
52568602287
51042806989
52377237046
52026429377
50333026034
52002935571
51681054044
51861935780
52356863394
52368573830
51998951260
52167415297
52378212597
51812327810
52189117204
52233729038
52196021141
52394936685
47069535347
52584760895
52009343233
52172542321
50516142347
51822854754
52358582549
51790903152
51773807109
52376514242
52195153198
52340023903
52381922683
52221882273
52376292927
52580233428
52167551581
52181597884
52010607065
52001935939
52365326062
52050945394
52400344059
52002431896
52227953437
51281587897
50282063729
50817168071
52211674253
52576345347
51793205358
52567402542
51813241456
51982636737
52397728454
52202572368
52192845460
52580665159
52012191233
50912582149
52008662797
51417929868
48179231261
52030788926
52388074392
50048031676
51815607040
51709715775
51789014396
52235177390
52384626695
51815615899
51239479983
48129870752
52366510104
52353855524
51969911905
50193349049
50661523976
51820339401
52188844916
52363702431
51606018039
51175022228
52380588277
52578993635
49297852792
52219378268
49709335619
52023876962
52376956748
52393760420
52016086163
52354063738
52002967411
52234081372
52563938523
52399568330
51790368446
52326262383
50267648812
9931681857
52566290700
52197548390
51823350584
52397040078
52350677948
52400512294
52375397239
52142219216
51985637249
51821976126
52018549741
51719754039
52371309598
52352407842
52196980913
52182085510
48832973874
52183900901
52230345681
52237912699
52041497961
52023805370
52219834524
52230081797
52196237232
52207443448
52396976636
52211035698
52561523226
52051472395
44983937500
52165807740
52401376047
52376972200
52002095354
50088271389
52191629512
52186293490
52047201749
52188395677
51916688294
52219553338
45319634775
52367773986
52563858736
51703930474
52573161344
52031036776
52380795845
39443016964
52219906464
52184925933
50729479021
52213498849
51994823605
52380028681
52170799394
51815645279
52196932730
50380058496
52378836738
51813063930
52049873432
52351114641
52588216538
52206188095
49271728910
52225250092
52377249999
45884026258
52012949735
52372917393
51997535290
20310955691
52173630927
52387186385
51275338094
52025037488
51210646068
52111423483
38517480026
52025740973
51179055343
52382386794
52168039357
52206556074
52014078640
51379099693
40813521521
52082166521
51814495988
52222185982
52199696981
49206339553
52348063025
52372557383
52170789568
52193573341
52135875077
50362596814
52351559929
52165495671
52237008933
52013926847
51816135625
52205225368
51684306858
48403549431
52005175641
52220626305
51847445632
52026516973
51925688896
50280173545
48994350191
47636824404
47183382000
52010589779
51610877082
51297848340
50669943811
50672810273
45956109856
52334855563
51808017063
52356624388
51010621170
50075746820
51334119116
2722317724
52217890083
52041761585
52039457277
49965934850
52373922895
44815702237
52034321791
51808319388
48211681611
52020716415
50219378981
51706454903
52227448300
51819316393
45133321818
43643506871
52372258117
52364284346
52115506198
52171325623
49100289810
52563785430
52213305780
52374570026
51229792678
52354362049
51815646237
52225072042
52119239897
51818109990
52151590311
52354341475
51807014725
51225199387
52130157490
51985911511
52205834080
51034703298
50812452703
51926021526
44609481313
52363427692
52150191652
52351533950
51927984895
51983967498
52349190149
52172341711
51805799223
49497366437
52179699546
52336223758
52370546435
51801839501
51991639347
52220729034
51984317945
51811222228
51985599303
51983109758
52111470586
52366984899
51307163841
52162113380
51674256096
50649404035
52139882454
52193827250
52562793532
52204994157
51886833792
52216353534
52200794719
52013620730
52159380087
51224788136
52561769508
52382248330
48865627369
51815974014
52372122285
52355429359
52219448977
51989254013
52027393780
48380754744
52572960022
51268537390
52216761316
52567496746
52359349127
52562785531
51815022236
51789956634
52017428431
51981223189
51793549152
52146702984
49399533143
52139993858
52202386402
52203314496
52003206012
52168485956
51809235937
48021550347
52147823890
52367970849
52160654583
51991167433
51999741790
51795343694
51781388709
51229733726
51814406641
52384248023
51864360700
52339927293
52333998225
51791815729
51803815341
52213193553
50801445838
52029097706
52342151044
47711904739
52202034577
52368618513
52358205179
52337399652
50168787883
51815238518
52224648382
47667652576
51782908829
52221689096
52018732145
52155030896
52213281655
51993606939
52332814234
51176796646
52004013408
51813622740
48613688538
52146391591
52203818441
38484554404
52340678543
44998499738
51812110683
51811590560
51600487968
51813676605
51810358971
47632737073
38240708384
52136358007
52336327767
52106557855
52028473546
52354445544
52380368237
51317996796
51819197612
52159798567
52209009843
38590316491
49385740311
52360771048
51788966693
51812686563
52334941419
51798852590
52369234440
52169651071
51446293530
52010101288
51714976982
52027281895
52222576593
51711011710
51784526641
51546385665
51968375414
49583595997
52151214795
49750674771
52342154382
50501279245
45617741373
50244148021
51207208997
49618895590
51992303481
42118507907
51796664716
51559779495
48580854190
52220448377
52158390203
52030088499
52145935388
51065253186
51321958111
52168853164
51959425974
48819308069
45508544904
26796497903
51258012645
52169916030
45992285064
51707977633
52022265196
28331845808
51510268778
52332453048
51712299134
51733845542
48575213251
45128484964
48631473483
36913535958
44675936469
51976273682
48681817890
9246940892
49272556485
42916182314
51074272450
52128932405
51978996772
51069944744
47527997379
51795934824
51733576412
32434393324
51955149667
52324741894
50911810148
47464264124
5758396538
52351625345
8061536682
48325078567
16865781237
43694889219
51792196309
51964154250
50465990587
52321869744
49869952675
51364597633
51634805843
51230970288
51813756694
51624139033
14749353487
51997072541
52121033880
51633177343
51252967330
45624576739
7641083042
52345844543
39521139387
49224368051
45078940709
36067448496
7436789142
51524143497
48877920516
51823124649
48545439177
51807266854
52000281415
50661327715
51176302480
52324330835
51052373095
51734780485
34902496860
44133871727
49924185484
49488714611
51770887850
46405667721
52358146499
50821588002
52114916580
50824553505
51733447107
49760408915
52172331666
49466848111
44642509890
51674906441
51798378390
50709716726
51407103300
52155557726
51192675836
52366632690
24325621800
51630223813
6779487363
51252491920
47732450419
51088789936
52349364240
44016438353
48436889550
51515023892
49980545000
51957293174
6767539616
46904088697
50483898938
51079365480
7981669949
51576894947
52115804742
49296230661
52153586215
48326783242
48800065562
52004528543
51786775777
51805892755
51791399312
52328415445
51134220200
51750284641
28591088124
51223574692
50046599503
45454706368
52001396114
49964302433
44919998305
52370488133
49344672110
52158373553
52134199736
47229122938
46483844224
48559365067
50073933371
50366781297
51727374012
52185993546
52123607536
51320143915
51968990544
52342394412
51125009740
50301233897
51539814065
51788662278
50887807134
51782254904
48198194804
51775983386
48422501915
41636726455
8118108060
52004193417
48449846282
51310226622
52178138162
51795572640
39016888483
51851056146
51956023761
51269597782
52323429316
52145797641
50795795533
51965895063
47908982285
52149549097
46536241187
51954972639
6910236876
51747906246
51784598017
51808539852
51980028599
52176105915
51997969256
51821865267
37555064293
51977460626
51787932867
50572650540
45685245724
49921592773
51959289652
51792612541
49462591455
51321092221
51965797328
52121102482
52135669331
49396935794
50523754663
52331106194
52156410827
51777997952
45220392408
52335368998
52178448471
51340733541
52322123999
51913644484
51795748446
52152739337
45994174890
49529626838
50371211087
51851685187
50247778858
52084451049
51937655351
52163569403
49936774700
41079783441
46359768036
49072845543
51774629004
47442126677
3263228570
29303949373
38531448621
47867036631
48040885614
50362447606
51444850095
50782766689
52107644410
50444125727
48967154067
51544919196
48000238850
51735183472
49420680750
51681187864
51389993928
51075410999
50996962183
51728047884
51770444483
50374660716
50514466960
52096498384
49921199759
44740042494
52082863656
51574327470
48007451102
51670422598
51782418686
51752989542
52111132198
51734678260
51573854970
51782707012
50719366340
52147329291
51680764836
51753917343
51738191044
51801416707
51735151142
52080839498
51954689805
51483347340
52137074038
48663225432
51634162019
51683171394
51637795975
52123851645
51937028850
51749270053
51930677752
50687022500
51951914078
51732526512
51150620979
51273563716
52092846153
51792193328
51904508142
51950651632
52108572971
52088134704
52097190013
52123683350
51914079858
51930214123
47911095712
51280101255
51944836444
51741254811
51330511212
49962381432
51765716697
51913551916
52131586413
51906911714
51788265665
51338264178
52149416931
51877572431
51160309601
52105085308
51718039972
51794993405
50819679664
52096621959
51939476189
50363662050
51804144552
52119714581
52104189498
51912967873
52145105375
51804728455
49641629309
51947196450
51903029668
51758893003
51920951225
52103748929
52119498475
51770900069
51567822775
49362772370
51557703547
51726159850
51747293220
52123139545
51564079198
51741126233
51744821412
51777731433
51934709066
50264152383
51573185326
48363708252
51917527579
51802240723
51282973317
51791432696
51469259045
51748741917
51932765809
51918647468
51915359978
51929333920
52129586266
51760140821
51786448822
51772307448
51732343385
52082342830
50440626821
52148232949
52093974158
51740590740
51722165395
52089302563
51935509176
51764196615
51578238936
52099245836
51771075141
51740742736
52103085197
51573519248
51762572318
51925046719
52119763826
51583701626
51766724378
51719827396
51914759769
51881836836
51738206545
51614463026
52086206943
51745350187
52139049066
51258585338
51546938748
52103613473
51187239294
51518703391
51935293574
51362809772
51753532444
51279991532
51759301060
51961473411
51613158247
49630147680
52129042842
51738566792
52092912649
51754732063
51748125900
51281538250
51581222418
51752413681
50997454115
51927486243
51782450686
51276967608
51423356666
46771830541
51397779577
51765148273
51644865356
51575079099
51934293482
51764972631
51763828362
51571871281
51574559074
50176557057
51793136633
50587390763
51721879973
51931325176
49886701044
52110092374
51758268839
51654044583
51777986912
51779450489
51664500663
51926638542
51757021259
51914215707
51735327188
51253751992
52107013234
51568919914
49067104398
52117939071
51582446034
52112060250
12042407007
51928046190
52121707731
52084697827
50812724790
51756293325
51931741863
51726631973
51919271270
52130674461
51914191733
52091310498
52145777327
51923694623
52132362466
51783514334
51794400504
51911991704
30883657559
51771739779
51797713020
51768692347
51797225348
51947241805
51649150971
50023765366
51958025475
51782320944
51773210227
51302202134
51931501763
52117316246
51963377098
48758724456
51862133916
49592160687
52081055436
45556976946
52153400197
49745313865
15220224373
51896967564
52096702025
51430417718
49221021801
51957609615
8209556080
52108788231
51906095903
52092694092
52146145027
52116971850
51776977328
51208551833
51740894220
50851148728
50759162105
51802672171
46508977148
51940425995
51769139698
51762108620
52082638979
51759180927
51733158962
51802472646
50409368759
51787744453
51914073097
52138281447
41170093890
51765387959
51306487938
50976440048
52127513429
46042585286
51755948604
51929821742
51921598936
49109756313
49411722344
51576918765
52086126189
52125786102
51781042593
51751620385
49802700339
51190077655
51179429493
52080518558
52116835887
51960897350
51740268799
51943035987
51745237985
51930093585
31785944233
51939994600
51926309277
51176220096
51511118962
51768899410
51573231130
51217106529
51794224916
50074762828
51804112069
52117483691
51730311119
52128962576
51952233247
50521296774
51769939739
49028400695
51783617936
51076449729
51572566238
50952349488
52101925136
51786202033
52104701159
51736806447
51921587542
52139057622
52144921240
52137841711
49570454136
51859661289
51926549977
51957361650
51335215333
52091252696
52088750440
51800712521
52083102380
52117507756
51546071342
52101164315
51778488597
49609928121
52113372217
51843759383
51957137637
52135137857
52138625645
51756484792
52095602843
51750693102
52096493812
51765524074
51761068712
51922614042
51640422711
52125338837
51947930296
52086950334
52143760998
52119627189
51569959549
52090957686
51947403328
52102965317
48978549254
52106570265
52104613132
51229614312
51908855896
50030978301
52111651934
51691806876
51918862987
51755757076
52109244707
51908546045
51709381206
51901207617
50047917189
51569350731
51741461894
51960128948
51730722942
51912895740
51738653745
51144780668
51217028670
48789197450
51564543648
52088940937
51766700076
52096933489
51725731303
50860072774
51670606273
51791456927
51776346933
50970225967
51600600978
49031012150
46768022644
51940764492
52137201678
51952297561
51402473668
51923508320
51579981470
51722855945
50955954150
51957729397
51767595702
49605790535
51312234434
51792624760
51551702048
52091156339
51571294388
52083747167
51611258379
52083062725
52085182579
52092677995
51938916416
52090117793
50788630663
51721103899
51917871048
51777466467
52086302091
52119331229
51724431385
51925941961
51163131206
44921919156
52103844985
52083053998
51734054259
51714782168
51762331884
51732213797
52146632017
52107204700
52134753465
51733078549
51614450682
51770323409
51776754685
50855363487
51913735463
50691526880
51788985612
51783456894
51730671167
51757819738
48356019167
50341147943
52119643288
51803568239
51282285378
49760845760
51718151120
4328465140
51790633405
48728703048
51743292806
51922213818
51578550094
51567559184
51758668238
51724974203
52102821248
52105868724
51741805958
51937476878
51938516774
51741701702
51936323798
51562141746
51791776769
51568214093
47813751757
52082830744
51773323067
51741821578
51907695595
49366667566
51754540182
51500878820
51036130149
52080672005
51721511193
52135377099
50996374786
46135442315
45540257560
50760887283
50763542712
50935621913
51749036632
49932243131
50476317691
47628180340
51036658295
45467985283
19024358505
51715062875
50804123113
48095930265
51565646750
51656948125
50799115443
47589095163
49101994592
50974813489
50648698813
50303758965
51505420241
49504349435
51582556235
48832197218
51741907815
48754152400
8073527045
51431562898
51515153369
51902038630
51721585949
51694884861
51394937622
50336572177
50811414399
51777488755
51672630447
48749802228
51287279389
51301009910
49934436409
48843962656
51635534556
51519320349
52082221764
51718158805
50824917646
51919317470
51282764030
49059958642
51921185576
51728678189
52081755609
51907486542
51717283512
51682393407
39924416741
51564382388
7298063447
51759315332
51732837727
51168467494
51700253745
51746491671
39322397647
50618432382
50495294829
51893326546
323733114
51893459697
48582120675
47766227396
48797003470
51748419463
51719406077
51772752864
50850739923
51476851892
46996684097
50848600875
49452678678
51735828365
51737826804
51753658644
51184098896
50851025541
50571482282
48590532877
51706688879
49328222999
48553253670
48675123585
51726004325
51713028118
50821053094
51627822025
50277177533
51746987506
49249500852
51901333921
50848147228
52101873941
51708884733
51672716576
51534535340
50426011645
46049108887
51864082060
51934361272
51332740387
47383815848
49133283550
48371690798
51649670154
51907589194
49114950784
46850705433
51549942175
51549078384
51893534940
51893457829
51775456185
51679682814
51612733070
51340807567
51699503640
51890375249
51578945589
47916779713
51474315843
50690339097
50179357098
51654779324
52097818849
51885663622
51314279299
50521782627
8525709097
51700311447
51704431172
51707067792
51461519039
48401712177
51894198628
51666534153
51750001777
50304715460
50020173325
47449214393
51889383445
51894813417
51719013698
51727597006
51671283069
49329951040
49212156737
48767869807
46354696057
52095291055
51670808425
51773864283
50092440766
49319836459
49125000304
48866590135
46043209634
51903405557
51700703205
51710589465
51671276991
51728876274
51580649374
50807462272
50800453623
48571659824
48862070684
51903917558
51566633578
51719445789
51539183920
47796709313
51874095836
51703655170
51757809832
51403993426
47795244005
52091115630
50863057029
52109017833
51915388312
51548990347
51186708036
51095933845
51657991058
50881639744
49852713444
51847858028
51494227485
49382326579
47563990590
50767903820
52083108538
52120352572
51687089346
51506198745
48849111960
51723617845
51341295271
51908261012
51739171813
50655577667
49109796882
47363877420
46241554121
51719816135
51043742600
49320292975
51748352713
51908060858
51931545336
51709710554
52104210144
51770360579
51722733579
51697527716
51907773013
51574129821
51689126898
51932688149
50056299248
51550622168
51886239520
51888772959
51652647505
51758864246
51579744849
51338783165
51746987099
51327670498
51707902827
51539519746
51886551501
51509807497
51774680099
51903589121
51878743370
51900725615
49873037858
52111945507
51705079095
51543214587
51536279989
51723411493
51775944196
51695575818
51750610025
52098850249
51751722399
51920585288
51528415641
51709539147
51738899541
52089339462
51700622872
51513630164
51752986220
50343385101
51719877668
50897575414
51763272072
51767112834
49797363411
51764961315
49529335443
51909068854
51343831883
51241102905
51899373776
11700213742
51641305461
51140838560
52088787708
51887478348
52095097890
52086259986
51850431536
50501848070
51695943425
52080612495
51752170217
51579761096
51725716392
51767400974
51863887893
51705253448
50016941031
52113817322
51881198010
50691623160
52103689496
51712470247
51617565466
49706091164
51932120547
51901059548
51916626182
50730663749
51920666293
52106817921
52084156249
51556621324
47606891080
52097202717
51922209880
50293077695
52107968998
51891374196
49130600887
51770368471
51544126398
47567729904
50685386177
51908524742
49470460256
51884975379
51616251984
51315380494
48994476442
51341751365
52113624015
51876655457
51524198908
51528223500
51724060090
51873495409
49044786569
51912833356
51716316544
51530414133
49812871570
52088833854
51327239854
47717751130
51699605838
49039116953
51339428803
51643905452
50216312140
51674779747
51705029370
51862219846
51701277612
51864935354
50914399555
51893596811
51757888067
51677151361
51879958030
51727307320
51878278124
51739705513
51333406700
51877532628
51884925674
52101208793
51541220185
50271228814
52087457609
51893995947
51343278646
52086026224
51867635592
50120824510
51712372703
49593710031
49285392103
51863213998
51887309239
51562281543
51370530995
51120631357
51342063042
51535501688
51341630633
51691142779
51894780485
52092385681
51697454060
51755896457
51676415968
51908209661
51746257294
51735794298
40516550139
50024301451
51751872781
51343534367
50973927980
52087145994
51914528399
52092473688
51645561738
46169503933
51744521504
51689366971
49394330851
50851166763
51692294216
49835818447
48363162903
51711964897
51692358099
51550539782
51446294239
51695062396
51740129806
51886821382
51878454393
51734514364
51911393434
51206914696
51715084508
51313905649
51708652974
51533502227
51734905787
51702789513
50407176570
51699941859
52103360515
51746569217
48387612084
51503549138
51873998731
51339950907
52103992380
51692782026
51291021485
51294140640
51889909096
51678087501
51735786247
51741065826
50291113915
9027572730
51909113627
51728266864
51753152414
51693214253
51545868242
50792469843
51897060094
52100032594
51337471135
51516567950
51548051987
51336182320
50063002321
51329391508
52095648973
51710924497
48984744567
48402236099
51898395893
49889878776
51883629573
51883269443
51862895219
51311608633
51535653516
51727499083
51905817885
50139615036
51529558533
51848867597
51699005559
51725970837
47478038494
51519270089
51535829605
52090969696
51705733221
51538157431
51679173557
51871191184
51740353732
51341529905
51688518775
51706508933
51328023628
51889285027
51558145724
51339502104
44937789412
47806741552
51873164515
51529470188
52103904002
52090745730
51873758944
51737753891
8613449531
51676063872
51703749109
51732722682
51871141628
51441694191
51890804517
51904105985
52080026431
51864615472
51900690546
51323543812
49534350600
51869951270
51900899147
44284893346
51721938790
51875270544
51885581480
51551227792
51912457306
49510518236
51258097272
52087705761
51332287394
51710756710
51339020813
52089473843
48385031241
51869606299
51524295025
51691118643
51700981610
51282269690
45435825585
51733498345
52095345289
49481417881
51245348346
51609830866
48925728770
51339886216
49263054142
51724722756
50733455640
51640957613
51747128634
50736646029
51071382582
52085553724
51874851988
48934722788
51670407668
50859018217
44670855518
51521630771
51323065876
51716347838
51677321206
51504390134
51523841407
51089872193
50368185529
49846472392
51483310498
51509621520
51149311322
51294574194
51261132733
50645995934
51874316756
50737567983
49886692612
49606496897
52085585545
51675911518
51295423546
51255649570
49023410689
51509631380
50939758633
51858303615
51873772534
51550033557
51253085713
49386145810
49171189648
51258916579
41922420480
38236271262
51653126655
51523006791
51629367140
51857367987
51860943776
51872500937
51901017878
51904105543
51904601468
51910896499
51677039310
51685252557
50693512092
49942358936
49314343780
49272380070
46342567806
51885620815
51843865817
51901809766
51698900424
51747776572
51329999136
47568234115
52089121431
51745840804
50727473476
39056505461
47444333421
51523182834
51884211980
51330167264
50313889986
51675701697
51698083095
51239260206
50313633784
41817612241
50601610525
51741280896
51707980728
51750136386
52087177526
51007545862
47603516735
51682790868
48016654204
51700277301
51734753656
51868196722
47312977478
50032327334
51163711920
51511493667
51729777622
52089505286
51896682062
51730352626
48503503614
51741736927
51735121717
51654470745
51476451249
51672063483
47706977869
51901353701
51712620237
51338870478
51530765375
51674905447
51322871707
51342851190
51673385287
51673839556
51544075594
51339390597
51338070243
51753440036
51514895632
51310805648
51871230676
49158181356
51690166003
51314817218
51289559755
51863337305
50295014333
51880573376
51692518083
52083033909
51674863569
51315036347
51467684945
51522870792
51466557682
52089745435
43462586104
49229439773
51544563477
52098920048
51880437413
51734281817
51551393940
51872477801
51341350326
51859423939
51679999038
51513407339
51520294913
50742318334
51700579292
51336102471
51556329378
51670766846
51908033382
51157061810
49377625197
51741336574
51870406733
51895379583
49784034172
51679471076
51741201313
51484156542
51716699898
51324807814
51678199250
51695877098
51711940281
51682783149
51683270972
51516614045
51683038799
50222940725
51708780617
51324903396
51522134816
50756868260
51513007377
50851044004
51523006891
50819132828
48277352264
51560593049
51343102183
51859335804
48386319902
51666447113
51277554346
51328015049
51546243474
51520695377
48499662082
51550753949
51705860642
51524006581
51695373999
51095389530
51875645855
51161061624
51423317178
51680151044
51862303147
50856969231
51338774304
51328971800
51547306949
51886036183
51336678619
51874733732
51559552544
51700493152
51871774650
49312338612
51748672650
52086976996
51712994779
51871582576
51329278548
51676623547
51553097709
51858053628
51699045411
51712507820
51688142549
51294456424
51751720085
51902585786
21210212165
51892282142
51546323547
51695461642
51901425797
51745504623
51898234065
51738545424
52082881849
51859951225
51908281293
51855125482
51674383511
51744056884
51672239761
43541765069
51751936240
51866325732
51279996765
44600562283
51498609871
51336004157
51557697294
49074739937
51876373890
51492532849
51632109286
51862982523
49354702609
47314898860
48744737139
50727444837
51333886497
48442945731
51520038925
51901049830
51020543070
43023125312
51613772623
51318879942
51043390499
48796715551
51334564773
51062422724
48911117485
51886668229
51330415179
51666855115
51336860777
51701916526
51341190087
51187958019
51034666038
51050585670
50810626624
51678119232
51744528591
51678047383
51374237120
51341573081
2978976008
51637799612
51742337073
51481462941
51178623165
50989973272
50366950510
50261824594
51880884641
51643076645
51687022591
51683198733
52087321564
51710114994
51600794235
50260693740
49661667607
51877493779
51485270519
28499323879
47889165243
51280402146
51335149645
51525150630
51321839314
51733104634
51317527627
50951543315
48419831056
47103878388
47097236980
26662171325
50843061701
51878381575
51309457116
45448067712
51903305701
48332513505
51708536799
51341133976
51686918582
50371555405
10147879361
51177745987
45097642954
51722042810
51747888176
51522054140
51708049585
51692832591
50776181656
51314839942
51726817356
50519774221
32513575403
48408490505
51858319627
47414192986
4903393822
51879468803
51898137672
51332294621
51338597240
51736905275
51884380601
51602039940
51518095128
51511999474
51859502884
51542515488
51688020838
51490327028
49535409491
51855623718
50885212544
51889827624
51746248538
51872965703
51860703422
51341525950
50334793269
51500649789
51554273198
39650883136
51677022723
51857543396
51703100554
51691653582
50676884841
51539123298
51865086778
51487118857
51342877785
42994946491
51903313398
50839654913
51667271746
49489603138
51692093695
51684200781
51867374579
51676247297
51738857045
51714883812
51741088853
50738350170
51689357365
51677508246
51719834021
52086921307
51895378057
51709148330
51711235963
51743192792
51308156710
51155822663
51897609819
51323231508
51688926109
51878788976
51723106888
51669839732
51670689726
51554921349
51331694795
51704492443
45439029210
51514998757
50410037830
51621084701
52092616477
51865974782
51736321205
51697997204
51266157196
51333431033
51327999194
51894050175
51326991101
51528165477
50923903476
51517014339
51528357439
51745264461
50982290013
29931039303
44094826586
51882292433
51250298098
51300614252
49660017496
51686805536
51472208695
51660919848
51681806038
51895521339
51676046394
51742912042
51688690803
51333557345
48290097712
49879391673
51319670274
51318470426
51719002167
51713482706
49514755654
51478482198
51297830623
51711491189
51540833764
51334085787
51884666297
51627582851
51535299146
50525389694
51729304923
51895017444
51638650861
51678709630
51518413532
51193065144
51680869579
47592924198
51711682479
51633743176
51530841997
43412911001
51543096899
51722041648
51733456862
51341053367
51520481800
51322558495
51313814416
51684829472
48742403173
51695052892
51275724574
51507895184
51429628485
51863005988
51125175627
51721073946
50797974121
49337771702
45948387921
51313719493
49159092336
51877260340
51840791326
51547585330
51272404326
51674505650
51502951321
51327613978
51317023399
51867593922
51681229875
51856734945
50860426181
45241420283
51536666195
50901373096
52085904389
51657567284
51312327737
51640924397
51662463712
51267486630
51871949120
51717169268
